64932774
74132223
77947692
60213192
64327080
88927330
83421513
88035749
98169872
79193430
62747789
87012450
66188882
88597084
85324032
75318233
86707533
63354490
73384447
86075351
62484869
63485594
63947337
62443510
67633897
65902908
68410176
73481139
62728185
95550405
68457402
64905186
68349649
63088542
68238513
78138292
67624579
68172616
79709176
65880303
62522429
68540491
64717149
84492366
77221185
67871778
85734788
62168152
77920073
93383387
65058903
97912607
60012097
71479698
67647348
62133586
67494786
67989478
68066695
77163018
68378098
63985161
81903216
74493272
60455503
96793824
61184714
81889352
83203126
63935916
88912197
93866796
64141473
98646108
60414297
66809054
62195048
67719538
96910338
63155325
95331292
60362816
68448433
67316078
65098590
77633959
93808238
69932019
69195082
68270451
90660546
89345100
77492033
69871230
67793356
98151345
72258206
63885186
85806991
60052106
97855577
87963315
63030434
65917994
98692117
69418122
65038335
63942908
65418254
87943351
97066093
74473556
69552365
61483134
65634134
69939373
77525661
78152588
61009810
77501119
94138050
69196262
78718454
63330869
69141922
65914984
78816165
68445533
92605453
68201186
97845413
94368964
88278104
84953784
85941261
75846333
77532531
76928730
61078766
86970137
92612501
94511847
68795551
64652638
74112531
85791763
87834064
61021948
69056575
66096372
87523683
77985971
82184265
64128896
67898299
60759579
60941620
62401665
67570020
75103376
83115139
88207259
67949794
71045174
64309072
68351432
66918423
69880579
64322554
81555542
91690315
90068921
98302171
63680719
60239693
64514323
69751408
96665729
68844170
68316583
65475816
69189683
66246657
66578853
64675321
72376446
67595007
98939367
63070789
66893688
65861375
96960605
79234669
66127721
66018733
64752699
65938820
65991103
66942800
93092689
84358353
60920667
60886896
72261930
66947082
68997967
65935967
96049606
69942610
60721120
68447391
67106620
67773334
88455304
68976204
69090514
76434221
73316206
62803750
79336668
84755776
97756383
85683110
79285877
75659333
91670286
83278729
67576007
60773230
83485809
67100541
63316627
60161991
78930097
81947759
78956949
90656369
65257063
65981946
87674014
85786116
66502796
62981855
75357633
60436534
64885223
64202558
98026367
63701053
66080508
64686317
98678620
79874815
73836082
71441453
60896197
66094070
60791914
84840858
98574576
79150860
91806286
95991738
65407252
65937909
74872976
67807899
62254351
63796745
65774015
85020483
65184845
89874817
89242425
68888067
83770195
66849718
86686323
62884417
84413086
91597173
61148293
84723386
69301307
62638392
65763048
65297707
69675656
76313378
97034912
76095026
61604094
97728309
65859760
65026486
81113718
64250645
61309977
63503841
67506977
61684445
97718221
95225880
86428362
98509737
64889076
75617530
81395363
63136878
77643223
87680624
98632312
64027223
60955862
92228426
63155628
94644611
62891710
62675305
68883375
76399207
81943072
94060565
98549513
60324551
72117682
98431103
71663878
90679240
62209152
82921673
76921389
77841924
62183933
81956656
94620672
61624793
96687467
63382602
62117918
63296327
78612238
86693295
85291035
62447760
87426914
66013160
79508379
69166797
83719412
82547846
69496525
64005676
66687466
60406658
60465191
69099572
93396972
60474460
81622269
76235186
63193373
93974323
65920027
64254919
66533182
69095000
91067519
85224127
67227655
94841823
65041594
60684248
63013796
62517492
78210268
68078320
63771147
66875711
83903138
76522430
63427078
66035198
94391816
85431893
66146633
64868793
68074855
60736355
87293077
67542639
68404681
77243285
66509355
64653022
67965669
94189096
72560745
87119274
65855978
71764127
89535119
62892505
94532692
74557685
71892818
81405911
69668796
77452936
68834682
66452147
68939247
76800463
69588900
69402985
62503625
87078188
92694604
82654610
83711588
65047375
65500903
83673660
83273195
75568716
69923442
69262938
92742026
68226655
60704476
68899104
67620664
75893536
93787165
68773329
73044588
61102481
65231629
72274711
60751089
68793197
87282688
97151273
69869793
85368827
88536424
67629928
67578931
64974940
65246455
64279402
61903931
73766114
61127074
86226981
82476224
67622758
86285611
65192577
68438927
60690414
78833241
67589850
78577483
74978423
64334011
83765416
64158127
77922973
66544653
98403901
63583931
79985956
60285390
63548921
82662605
84956205
95383498
91113980
82935169
82627732
76492013
69633726
65811016
61749774
77294456
62253897
63409454
90370603
92399351
64026969
64369871
65488052
77671006
98260137
97613473
96078586
64240524
87957403
61976523
71995532
67192093
77222901
68157837
72061153
66448697
89596367
65221797
72716618
63382619
87297842
67583546
93928791
73791455
60435932
62054976
92294886
64186687
63290502
98211246
71741412
97096984
96953796
87162320
67570819
60269271
65543071
64799420
78522718
96607636
66419641
69667868
65546011
71564524
69193422
72273033
63786789
65953073
64167831
85345329
60589293
64129005
76095918
71135342
61739629
63856339
89696271
64921861
96439516
65352942
96417299
74580434
72855585
71848912
77192523
94920117
62334888
73802119
62261344
68318411
65509503
98898087
83536196
67989630
81382185
98803033
66749088
66155016
84416091
97685183
94165381
79131237
77303229
61831202
73176451
74341565
92462828
87023393
84104440
82909776
69507341
96692499
74732937
73736253
74942180
62381694
78838469
92320465
61479957
72865060
86945695
68613334
66394355
93200694
60580662
90106543
77465904
85868565
61908977
61304287
66221611
60861096
69250694
69608914
81299219
65604792
73506086
68723250
90657094
61550281
67997665
61467024
60350725
60701753
68733367
69188276
86191671
67206235
64984170
84109967
79475790
67533558
62571210
94025968
87885131
71866994
62540436
89955902
63684230
69063885
68972461
69858244
60219179
93213421
93457505
68780659
61570392
64990775
63138895
81662399
94247711
66070322
87552541
77540649
91727161
85377923
71764567
81554571
63182610
97342397
60219707
91565238
74091207
96296950
75344739
87848316
72786319
62226763
69223013
66409404
66914374
82731245
65728594
95892780
63113418
75734273
91222667
67810245
82792889
68468421
65386398
87212999
76833766
66115454
60939206
62523772
66954611
66657444
62154580
63814571
63544167
77384161
92543894
96567813
63993343
66295767
88627650
72978504
65859613
71316348
72518721
89699198
98801412
89336430
65628105
94905626
74970428
66622965
62840060
73017674
90483437
76970518
65236604
60790906
79372543
65278736
74707847
77235922
84840530
88639035
65277426
61296057
62763278
73999051
76004670
85990896
90597274
89318350
83079747
64508769
89794027
64615059
71132191
73557468
83509367
95821145
64458684
82847999
69757704
88203549
72536707
82243013
63073158
81486514
63845006
98086078
84258891
71704508
61689743
77906440
88584290
82812280
74750415
96382408
94276350
69042961
82097152
65414926
61033214
61129253
66057610
64683564
64277271
68156276
75942396
73542608
91857030
60318135
78788018
94800062
86142312
65905817
66794176
60289297
83457438
64052505
72398829
78093903
93803927
65729537
60630286
95434349
78449075
74956115
97193002
94645463
81726482
72419215
63408484
65169391
65308999
77321359
94894298
86208820
87187078
64581232
69327771
73969811
63643131
69196783
77988327
67431000
73016610
62513435
65108005
95903030
95685861
68693236
78144800
60936345
73096924
78867106
62813684
60415961
89059690
88295445
62459555
83793026
82366036
92292523
68922240
89928558
79392986
65813849
74555099
94690056
61128270
68053823
68574083
79956038
66101714
71154951
65897520
96068774
65697901
61634067
93781476
98792807
87069988
65244984
67102447
75145188
89485260
96804251
92060525
62658204
89817978
62314625
83823005
92345151
69019181
95860165
86531919
62045947
72617944
69536957
65283301
66846209
84664185
66326784
63543372
62437629
64910048
64175897
63603446
69051113
60670395
66534169
71166878
91462824
64752604
86720739
66926387
90789875
60623861
67005012
68534633
84479042
61073781
81142042
67583595
61978756
75111092
73621093
64519616
84924835
96319036
85138972
66411850
89394494
74571599
92352807
65076540
78521158
69088541
69630014
76084477
63749196
61106158
95327222
73902044
82333714
88282428
93384626
66823925
66042620
63592930
94608072
91667330
61194467
65353488
66722729
72858268
83753203
84002883
65020861
60518268
66687279
66678885
66892037
63413143
92362987
67403261
76498496
97757993
67884526
84683019
88728950
61911809
62237799
67264758
65679562
65040487
75507318
64122405
66848322
65758542
83461554
91495661
86071416
61487692
62318669
83452981
67701384
67531084
93201974
83105269
69116324
96510368
66780517
65301989
86732358
76538475
64345169
68060608
71108701
65918053
85757333
61683467
63851325
79354034
67725466
62066634
63898381
74258314
69236187
61353134
85699414
89060532
66636876
68411647
72965795
95782307
95060411
62535323
82033300
81754925
75988728
71403685
90795240
61985541
87376467
71526463
66501489
63884427
60874077
64433600
90617605
62042981
94498366
85873853
66471257
92166964
65424471
87102050
62957840
64198085
73595462
63185667
94727494
88835994
64867381
65880678
64530581
76037058
64326990
72624869
93356320
78640701
61851326
95616728
68008972
60048343
66014023
85018228
61881761
63245839
98003809
64205709
69521845
90656813
73572844
97053918
74623335
68352838
89425877
61046779
64069620
93203234
87450648
98664693
72308306
65960132
63071818
68350037
71943024
67199557
95149983
61695377
65406328
78392833
64029605
62237650
62225509
64486675
63187030
88626890
62572106
62545243
96006366
60931243
68017351
87373522
76335505
65933668
66133583
76356857
78744920
78986614
82288792
68985451
81910857
66686411
93734319
64657136
62533967
90939799
90235355
68054935
83650964
89877705
61286037
85024809
91790595
79762324
65240017
91879499
63311099
78545712
87707835
65697562
90008291
71612011
62906759
69550085
62416869
64629103
69064554
85655055
67196039
85186658
63466990
81487042
65109199
63002129
94117468
89006380
67106363
69574049
89092228
65140624
69099034
84866137
63660705
86944077
62955808
66941009
66627668
66492851
65354273
61931650
63213212
66694491
76857660
86699206
61805070
88417506
60304263
86824695
73958863
63211303
62737149
60396675
69184841
60814728
65263497
60967270
61041505
98516858
60217925
93618154
95236327
65826554
65321963
60971614
72600687
66009152
91024013
83298519
68856575
78721513
68626520
64506640
87751552
76064674
94206181
60737267
95058548
94301392
65034143
86824072
90244623
98668376
71375308
61742355
71691969
68603660
97045752
68130680
76355164
76111203
88240184
67153924
69060473
69896622
95520380
82298654
74614851
65393980
68132033
71281492
95574640
69749225
65610689
69266046
93467859
65250953
66166770
61852776
75796750
62487905
98860748
87848661
65767021
66834050
64761078
92560661
98288193
82743692
82238097
67250585
91199112
96096423
93793656
94088277
65743194
94175049
68754182
69433941
82476460
69023763
83284545
94870197
87354973
88402587
71249317
90505667
63857940
78864645
76341002
64043388
89973455
74703795
82841350
92399476
93203750
91681772
83650946
95800658
65975347
79794183
66043213
60230360
64151121
96018558
94713007
91435254
65902113
89035339
61160419
84318069
68982420
69091198
87789628
66374501
86213014
89079105
69181677
85746237
81049014
66720663
74670749
79909886
69885013
64850706
93236976
63019030
61734827
75329131
60484444
89216887
84731517
98636903
89656882
66028862
81550968
63171723
76889958
74047835
69488004
88913420
67617355
72244865
60235774
97469259
61226491
88705375
67035887
62439521
69835856
98548671
62671439
69890448
65952439
82937113
66978551
64727640
60315707
82519982
84134059
61505723
62564069
89428536
90612063
71571387
81077963
63565142
69136209
91279039
90371712
88816678
83349285
91340153
77911416
67486973
69263273
73326619
85697145
61069962
64051170
65764565
63551535
64109580
78097040
66181656
90025183
73318784
62608588
81392910
73464667
85182720
67095739
81880968
98133940
71888138
91274158
81090046
64994377
61607799
63928023
61800499
65617400
81585119
87276103
95826433
61585418
77575163
61915688
83443754
88450754
85068824
73379843
66532797
85180364
98302694
90571503
98014267
89597746
62811867
72677978
96678049
97751645
81370959
96348127
81594956
61832707
74482068
63847895
69473983
78337686
60927619
64500415
79832547
69382068
98391659
65905386
87077100
64808579
97813450
78869266
61172760
63894092
63480525
82685489
64975143
90588694
67410062
67978382
68465805
63599902
87222482
76823406
69647909
64802398
66357383
67237645
87645484
71830053
89308710
97764242
69783829
77306809
97668802
63640770
60443712
83115602
63301765
68721254
66835291
72459212
97633922
83405587
62345129
68569275
87920430
66797198
78003493
96701602
86294126
84228302
78981967
61638269
67838916
63675483
94809927
68356632
92840758
75595983
66520121
98124855
62867382
90590504
97972755
69090861
92106122
96918495
60434864
65839500
91063562
96190181
97077279
93579960
79351930
97857922
86995211
97245176
98954569
67322258
88407881
75322717
64979697
73035289
76417650
63334249
89368167
73551305
62556966
62211153
74377118
66204846
65541403
83078665
78041687
62446325
72459306
82490459
81217216
86263067
83678821
60689155
98846360
66832360
67762340
67466416
62553637
94975067
74058911
68776059
83450349
66279326
75179272
77887070
67180770
66660851
95309480
88908257
94483850
81510626
91967497
76056894
61533493
85317546
66837887
60596357
68332038
78619709
69796328
78524497
75985539
90342191
69744941
98177627
87693503
77812666
78696535
60159981
86680427
76250366
82665147
76444512
88020387
61527421
69954156
62968803
98253877
66577927
68518880
89909936
63709603
81505467
69089100
85844567
69574024
72036727
72838350
95509620
82839340
89048585
66471066
68568228
62107105
63329476
98543577
89786768
73081748
92468452
96915634
63447262
61871510
65944182
65914045
75092908
91463963
68140098
86400744
61509562
61286706
81747849
64701096
98619715
62598270
87727007
63771426
92507403
65672697
84008935
68309790
64601645
75287806
81317745
64381581
65255198
66976233
74234123
71876010
60834767
66619385
64661373
69103405
75342515
71280130
83475535
66691580
62351670
66973562
87880608
79170732
67635135
85340972
77782151
60332189
62067091
76615452
64066460
65806558
92212548
86266965
75762185
67599584
66516115
87240107
81231959
67931398
85925570
65914535
68577543
69640160
63343987
82538086
81252318
60165240
62492133
61884074
65471638
64930248
60049849
63457342
93053147
71872897
69181707
75358468
78110178
64316201
68701529
94241888
66836839
68663680
74660008
62640737
86250068
82739125
97438757
68692413
64018094
84787647
60886278
72818049
96284328
77131806
75333737
97224005
62726851
77158602
63325321
91950150
85566518
89565456
69982624
60243335
60610297
74622883
69053617
68820958
66041301
73911840
91671409
61153899
87079335
67890324
68700432
98560000
83930246
81711427
79302707
95731587
68736476
84753639
95365585
64265507
98501097
63889006
68324069
95487881
62815474
73751911
64650560
68056800
63066763
67812892
65547898
74351244
61752800
65436357
63742438
77597238
60561279
64263588
97147111
67007448
65483449
65148524
64467947
68324001
64411624
79532122
60681993
98471770
91678295
81787237
79438052
75028079
69901413
68627281
65880802
60488349
62721602
67994527
60627525
82236174
89534578
92814766
61260778
86044111
93053214
62831897
83297486
64865470
65210554
72343158
72547702
72419675
60572186
61717564
91758022
60019988
76363482
77238521
66813314
83721743
95329052
95331813
81906192
90655863
64457274
91614572
68138992
77040014
85416573
64281488
67388501
63333143
64920359
95833620
88322941
79875648
61324102
95004906
93800690
79242108
61979701
62581261
60963199
68845575
65564592
89697441
79258847
86869116
98714078
68725328
64545071
63489865
61241177
68074869
86682643
60575111
78420684
63327100
69597233
60256304
68269276
75814918
91570344
62497394
78636061
91779808
63658418
60077373
98351220
65673050
66665528
74266868
97703637
83263644
88233682
96037646
79357115
84386577
97057759
84106417
79428161
68650322
67002343
86727832
66734117
87321208
67962013
96096564
82820752
67804270
91575674
95706387
97226499
69936477
63845360
64986000
96485066
61160296
64471545
68118208
64485485
91314758
85063436
60266548
64529050
65423438
74212161
77619130
68426381
85102168
63851239
85599026
94927438
76186718
73766329
60410284
78417266
75805950
84915421
64814554
68004284
65779249
98817169
91625105
90204793
87653448
90756887
83920108
62304551
82027254
79846732
64013399
85325133
65346018
64304783
65883596
87716613
63383468
67316780
69785030
60309009
64789878
68131331
62548427
98060768
65315701
77517273
66566112
66983604
67508607
86245344
64591230
81309992
71604658
83320668
89585186
92292321
88220841
82663119
69671751
83292045
82104649
62297919
92794334
68220091
72206172
62158050
90593907
98943364
77721555
60476571
60476465
63763575
64741868
67797530
62600457
71073666
64492873
84089077
61923061
66183687
89129492
88550224
68041609
90266667
63828283
67474859
81556923
63306485
60921858
73229505
96486722
69537872
69956112
71710751
72202989
85518055
65646073
62953442
68562478
84970068
67865295
67648737
93629928
77505033
92203153
72039275
60984118
81530428
62489432
76025850
69738365
62344331
79321357
77926455
67395918
87246837
89355858
82961465
61591972
72418883
60317331
85529668
93803202
64890814
87306224
77525865
75792010
68323716
68261253
79408299
89007397
60423022
85434261
64465854
82569289
92114585
65235394
84323735
97172287
66718060
95095817
82466118
61694506
86612104
85316525
60904447
64389555
78716435
83188827
83488125
67894699
93252970
71369939
65284610
77157389
90156892
93010158
74759648
65880888
67284530
65700286
91556666
88328174
65569072
60643541
66314660
72974976
94934066
82642471
64675480
85518001
60442894
65877800
82422157
61623137
62994044
92263061
61189466
67440448
77284122
68913591
67960008
79103784
74369297
90562920
71249025
66540205
69040355
90862518
78995994
63979937
63319706
81237099
94497821
65762920
74149887
66688813
79565468
65812851
61180573
93508478
69363496
68033391
61320666
89291122
81129424
85278859
69313433
69623880
74276067
61803898
67644425
66861928
83117461
77739596
63551919
74105188
73315113
64894908
91584280
68516803
85878040
95186266
88848365
63822596
63181400
64556075
61592487
79832276
66675430
60979155
78724613
63473400
64339205
60262221
61900366
77283768
69905681
60973923
61575631
97904705
96402089
60382695
91766933
62509844
69352864
81789360
68053516
61751866
62515322
61228276
96548714
83960017
88418285
97019961
62738291
64455861
95149553
78004265
61761852
67811293
82928789
66298922
69908553
60493910
78991406
64067208
69911556
78213091
65312519
71759797
69473238
97983136
78861234
95082867
68093968
65315628
60107098
67853129
65262711
66210041
93557461
64437159
63371938
66933144
86459807
64972681
91953688
60374618
87070689
64362895
86224814
93100767
95844553
62411631
88087124
68280308
96840286
83187192
61371828
76014449
76955328
97445881
95683655
62266641
85994704
60614642
66583346
77664678
62218138
96264182
98979571
89639170
66759661
60540449
90006471
62463531
95653808
68742433
96697719
60488514
74528740
63450233
65013237
66685048
62498302
81637209
95934552
77523485
77747622
90899335
90022926
95578197
96092694
66575865
81956187
69069640
95303535
61385633
91042991
92058041
69058496
69561472
63275307
76248397
85344395
63648298
67433676
97789549
64199531
77895567
65067671
61691055
88723811
68305079
69555537
65684847
60769338
84684634
63454425
90254229
93244425
65526978
76296994
62452671
71671862
65261933
69168615
66591769
93400813
73868928
78418261
69067939
94375468
91185912
65532637
94851862
66996215
75577616
64136132
93423922
94219976
64908795
84126913
69672640
81158840
65043475
74227131
75369874
67176052
79620771
69566294
62193365
75852772
71882645
64887874
69726941
97377725
98614347
64569135
87093978
85914607
87702328
93127892
82009911
67656741
85755019
97765069
71590153
75713341
64374824
66828927
90762977
61943032
81592072
67648389
98072565
61125588
87518939
91000135
76854656
90212045
76555660
83375912
67774440
84159938
76176262
76749155
62031972
68379832
96055030
95155003
65995260
81847554
63636253
69086763
65256647
62217044
85901785
90249218
65010103
81065681
66605448
69112008
65440478
79021964
79246543
98338577
93056594
73305089
86491162
69270075
62212315
65192320
64120843
64220828
68874299
67731138
65307519
89616542
66707400
61255368
94239247
69658082
98904754
65117216
67889464
63131249
88165898
66260300
60906166
60310385
64844614
60496627
62033402
87741072
62633375
75900496
62106519
96334728
84760638
61224471
60740744
79536941
75707334
62897678
92656356
85534323
93542912
78531624
90384489
83572644
85484919
64614172
69857707
76059406
96710733
65803643
65215888
83393587
60164180
71989714
83605458
91713533
61694783
97129054
96441978
60148699
62534064
97207864
72682686
91966456
67893629
83885433
63273525
96916201
76202226
82926767
91107988
60926451
93139712
67287646
96752366
63967469
83581261
94880322
91379388
96573288
60579098
62758402
95469805
79140678
88063654
65295894
76920560
63319179
85858536
62015479
89229766
75933082
85158189
89608801
97263230
71136627
68051999
66849028
83060686
68328434
98486613
65685366
71449942
65591224
63204596
61981605
62358425
61331064
79812393
60180113
68125219
69865220
61506143
65392573
88584216
61874769
66036078
60074423
63853584
79760288
75877514
62984875
66705533
73207926
62092839
82730393
60919532
61994376
64057031
61781500
68551477
72004874
94404155
69758518
79525853
93338348
68995811
68742268
63515183
67936166
68158428
69985861
63942722
72463151
66587897
84860485
62144561
67408511
69903702
60041696
67452621
69225199
88766183
78995937
77704206
90999870
64052961
69099075
68261526
90647746
69962355
72970139
69238267
65683603
69498948
78703220
60999547
96786094
91153873
94033146
62549828
74587662
96500442
68700106
67199362
75389722
97424440
94455160
74689912
68760876
98044920
67485356
96251835
71822342
61879182
61649552
66373220
61530141
76615268
60274064
66511043
91114484
97892277
96610387
74416232
60992765
75370775
60840269
82046474
64269895
60338340
84636632
91919483
74162119
64882331
68259234
62742312
88413666
66950125
64395215
77986565
81247881
60266471
64995976
60853212
89388070
77467199
83721286
61703061
66706513
91043190
62549863
61038751
82690426
83720089
97078749
74606577
62456956
77846874
92308578
66583320
98903173
63899399
63373258
64950215
68892086
62055198
64457767
67540690
92528957
73517370
63665470
94708918
92991309
63440454
72601707
74774893
81304430
72423148
73822414
65696279
97691065
62109595
75190184
85899547
69722745
79567581
94022149
64940834
95248540
68366989
61315265
65672179
72706143
79714390
87632276
77354368
68172343
60714597
66215720
76383178
88735684
62775472
94350535
96512522
89230892
94401623
66322489
76997655
72366784
69187853
60512835
67521829
77894624
92854353
83552740
93003957
68691612
67281341
90239587
67814546
60017112
60358361
65474001
66376662
67979668
63918831
73203055
82521867
61555095
61899883
65590998
87897395
71457380
73453073
66795877
87704599
93364189
96150333
74639057
78625889
67255143
96130977
66335962
60527016
62318832
94167375
62339637
86872403
84060885
79746657
77660541
61137894
78914166
91087967
63576489
77539693
74382194
68047398
98580770
75641681
61190027
65082891
67983601
97468478
85572942
65932805
84647520
68738633
64382175
69473533
64135596
95623354
67032699
75477719
98235497
91848404
65571404
60629504
64451107
65778125
98886514
91563519
75825722
91948794
84306455
88043460
66585256
63849719
83544323
60517656
61194140
97586884
64797257
63965637
82388205
87500140
64628622
81307499
85189843
78084668
74421250
71429632
95903302
81650879
67429413
66700594
69234569
68485841
65236317
63886272
72769476
64202398
78234008
69482916
69709880
84308886
97676259
74393442
60613614
73292652
69070564
68793845
74556275
85847058
62733900
68146477
87988900
63466915
66565804
61254589
63879849
67709217
71898601
65705817
81750335
68222529
81550544
64893298
84104913
65687194
68309900
76478089
87361656
98465847
81942243
74871165
69973376
85744636
92061283
64138288
61906771
95786939
95987575
78524191
98321570
64705294
64652406
66265593
63667193
61821897
68053372
85062100
67317301
61447028
93430548
85952354
81236826
85056820
92891508
97041685
68236203
94436368
98883315
92868303
71329901
63099623
65335220
64640672
64351910
68513354
97734262
63137418
61852595
89548992
71898842
60348654
82159769
92760301
60611125
61712984
92247184
86782597
69110957
63601696
75606726
63833809
67532411
83384321
69570342
62146329
85111818
73500877
78601803
94754456
85486868
79491538
67870128
82721043
84592883
69317439
64441134
60990739
98646805
83942220
98713369
78343710
89946942
83745929
66640346
61402313
60842638
73649549
63466183
67075326
94828000
69852126
88853680
79462975
72135526
94611503
89446722
63861291
61476827
87078404
68181193
67901681
84910589
86796881
78907977
84653631
87843588
72995181
88154376
90888174
62685580
66778946
61160425
96113784
63143978
66549070
65569457
66434792
62135887
68363587
65580984
61944726
82854019
60763873
63099149
95820489
60118590
63373924
68900428
84978653
76866939
83764499
69163007
67875581
94239997
62513253
81148691
75036440
92682701
92555274
63366484
66321473
61535175
66446644
64670202
77732359
87435816
96000988
64367089
66438504
76813843
71190156
76828788
64804466
68440410
60512323
72531113
64199632
85776399
60638214
61221007
64108063
82508112
90300450
64592337
96177782
73283636
79290489
63844879
93595970
83140938
78028052
92003954
90403583
65447031
69183290
66863045
98645856
69273046
84035085
84528923
69341322
61305504
97483866
81224385
85678848
74316578
85145799
89247521
75243552
90581588
64125668
69926494
73445375
68694779
60528140
69658886
85718869
69827204
67530856
64036118
72668156
88100759
61198453
63909912
86756634
81006110
97814375
90544007
68944806
92070830
62906220
63643834
65068764
64574588
77808420
72790941
95134521
65736015
85007477
64786319
87012031
71839413
84668909
63397474
63953097
74974865
63135921
62622160
89127545
92256844
68197921
75182904
62344375
68121289
75888986
63566297
65246158
88636485
62274954
60088685
82447540
92705270
60753430
75071998
62320286
85471936
71823589
74376693
61759550
76310091
62660166
84343698
78686836
71123030
69134183
73012045
63922210
67298366
97147503
60035546
89699069
60905508
89053009
72946675
61159030
95546930
91569680
83959367
67613910
91610299
65271945
77103330
92195893
81607175
85754419
95857205
68782974
81453332
61373523
61303423
67884162
66854785
65629716
77317140
73730774
68116947
96379746
79400713
76865076
88467400
62027395
83746576
96899697
69623828
66955899
60374842
96979927
97495953
79606668
67930348
74518026
77098858
96013050
61696479
67932401
67715508
68707658
72236312
74251555
63310051
63269491
65402983
76594062
63854899
86188705
63948116
87095231
62654585
65265538
77447821
84767770
86192611
68089204
69720976
81514073
68020035
94336430
62189593
73926772
81892969
65908102
77271776
77929210
79821191
71548992
87757608
76103750
64618921
64472474
64950478
90979697
73728840
63968561
63096536
62007645
75112688
63103552
64535965
85634831
97501345
63665119
77568619
81486538
60840004
65595387
62882768
98518931
71319929
69550728
78761464
88743893
63913432
68082770
88266545
86641160
76040875
82603773
60355302
62598840
81229435
64810634
64836361
76239868
82727761
68512520
84347324
71174408
87619562
65612093
77821375
89643489
66563079
92614252
68273770
69089808
67660380
66253396
77851539
63450225
88908169
67427908
65731663
61229855
67594991
65506409
71763464
74755394
62903988
64776882
67813077
89525601
67689602
97204043
60103446
87572996
69093494
69859001
64179230
60077533
62145761
65932884
72265231
96791028
89760074
63185034
71907438
64753709
87537199
63980420
62703337
96235495
63563131
66185770
77476641
73009640
83640022
69045676
66761697
66338635
71464736
62011814
88041921
79593069
93446650
95980438
61595085
92384455
86785277
85422724
95937540
74433448
78497430
60742704
98349531
91516882
64004884
96480896
78847896
97531700
94709365
63630775
97796269
67778966
68261896
67237854
62680342
96321793
64528507
60892477
82017188
91844113
63947448
61469719
92934763
92558425
67615528
93609481
64116798
60995343
67209562
73909647
68596798
78938384
84703915
63356418
65095351
64120473
73688058
62531687
68878710
63095566
87878641
72222050
71191912
69474537
83797927
65015108
65645589
83457432
67690227
65320957
66857205
65038776
89846460
96408443
65684673
67223818
67863910
66446438
96606045
63383453
69191200
74712317
97536737
61783801
86974642
93177101
84317608
91109517
93201310
81027170
67455229
66692955
97161062
91907889
65999003
62694067
94632218
76906690
62598459
75885075
85427918
63275882
67357997
79493910
91207741
64692338
67344297
66810998
75865602
61437269
62927278
66083420
95589893
69394341
65053324
97987200
98052943
69153017
76875202
65642723
64120369
67044221
79961980
92721674
82817510
93704415
61588059
66077150
67196942
94802516
65407935
63841021
73629170
88519865
81106014
71733539
67602407
95333586
86809155
66494415
95561915
76341646
60103860
90855240
75199749
62508071
88381484
60645013
66538062
69457487
61035276
68248095
88107771
66582767
65947042
60283803
78218954
65485183
75782761
65367711
64691353
86510710
91071961
86793560
97248137
90730517
71927352
93276224
95897269
71620763
91328102
64072450
66791483
61246718
64202290
83042999
64570472
69481903
68774446
67639720
94424195
64650186
62841031
64966551
96587713
67052773
71155700
91489158
65168941
81384595
62911352
69202598
95770504
83937910
62623861
69053867
68482949
82876838
65136569
65474134
71742251
69903615
65995689
87585510
98422613
85692963
92537275
67798687
60834466
88510904
95471140
87911235
71276632
84185151
90252557
66418918
61445203
74548323
63522621
93109205
88494790
61370859
64845261
87804819
83389064
75018004
85966679
69040055
67400252
63063376
62032591
69434450
75814161
63446306
68945097
86064352
65526316
66861164
77445629
67595313
86503526
68364752
77074639
60928365
66946953
61907199
95053883
66920761
78032655
65112080
93661754
82420532
66524240
61723740
83389308
64554888
84455525
92802909
95132192
79148784
95447059
82087051
65318996
69886787
65243959
69572195
79329771
87527048
67607491
73569464
77524425
65148911
94564929
86539877
65290264
98064737
72594803
60882670
88289559
97298625
78147789
92614399
88831717
69426346
64038237
60577813
69760374
72524280
68158994
96657357
76056608
67157189
98608017
62084452
74155048
60946084
68723149
84444790
90588042
65237543
72622341
93416373
64931317
77783382
96280260
61821236
79621769
95906245
72995330
97188459
69120885
90974339
60654296
60961234
78099855
69331868
81120900
67278436
60002770
65257457
68775262
60550742
87994466
78035362
82149319
74165511
95107908
83980695
92221305
72282274
90607988
68225975
78085086
66420476
64259535
68525899
75959452
69301745
62217974
62715303
62773914
72269125
79788287
67118271
77372095
97458781
68313738
78880302
69547139
68396891
65929620
97725603
91323274
95920289
69396965
63243810
60606180
63998067
78993461
83895650
89760389
60845226
63052415
87949238
63466953
64435814
78920001
64095353
69029471
98413595
63600923
67291550
89244442
74341824
92492321
72590223
63641541
90708846
67936154
94704270
95114069
64012982
63971965
62350526
92826047
67691854
67562876
65557696
97824979
94123023
74250653
78042147
64550170
86400696
60380665
61660754
77196033
72746127
65228453
63958900
90741505
83603279
62617489
62329013
68064768
65297206
91964381
82212867
61547740
85817397
68432668
96069734
60546016
64704808
94822328
66114768
61069352
75694576
67843297
73801669
83331806
66102943
71786453
79636714
69040436
94055300
75145990
85023480
67127879
66993755
61093085
68520745
76812985
78487028
88631590
60661687
64731081
63085303
85894453
81937351
84520418
60392941
65805996
95659355
67382331
97330346
66642586
61166604
76094612
63193562
83674607
61735620
65911188
66161689
79057904
60493440
64042967
95979963
87338421
92690065
65174751
89715839
66926905
73012743
93006459
67238396
98617030
68706468
73383023
79397363
64181996
86516583
62357233
62527137
85383346
85022952
95213636
78672976
61277092
61300679
66727961
95276138
73711229
68595039
61435095
77187333
84472980
60799413
65362782
69270783
95464212
62184842
89366029
81150175
66043151
79160793
68144218
65363876
81976631
65152448
60578927
88538786
89575871
79469946
84863071
83209827
73070094
85338589
69359451
62723783
66312369
63285825
66014002
63228094
82509215
62643240
60766862
65674416
73286683
84857111
60420792
83742526
60558238
61800185
67096185
67772083
67694323
76959474
63261742
97412207
93995297
95394225
79814873
73669108
63358281
64739247
69149265
61307324
62998620
69304148
69836513
95738329
63914015
66663372
62551315
90806860
96683475
69152586
88104228
87817308
87324845
66998190
65532852
81832447
97771808
83290867
94957933
97794792
66113850
69448573
63949226
92398004
69483463
79422945
60094786
93055197
84701631
68688560
98424604
64557718
87592652
90021907
64498712
68464961
75890624
85894900
74801934
74172003
63488293
81384298
75638396
68324988
73433992
64830744
64285259
63221741
73943723
77150271
96690501
68851120
60454594
67510761
65613607
60540592
73220060
64197713
60230942
69946928
66304921
94539046
63954531
96199009
98537518
60979591
91549169
96805969
64963014
73142678
65215469
67565406
65736839
69477835
93467342
97383116
90769516
84057370
69806283
64684307
67444446
62372347
71403890
77906327
66197925
65692037
79630088
66464895
94994581
61866459
68250137
63506459
82925231
60201946
94929462
60563807
72990762
69579921
60019113
60360885
78729553
65952561
67684512
67057992
67192687
93398067
85505838
72081368
73650779
64643503
60674531
98416607
73843423
78577165
68852964
84201309
65854579
85907868
88297149
60809372
61643625
90734516
76966434
69119533
62961132
66934878
63166981
98692503
61929200
68635584
94285541
67705866
67949702
87388306
61520526
75982525
67006333
77095590
79915591
63021808
74486102
76392602
60200981
97457085
66707387
72514511
68964320
73564491
95790728
74570215
62129970
75563766
65753522
63542669
85123631
97087332
90157821
69466778
95451168
71820794
62426087
62669563
72913094
62236637
78390941
92317933
67394995
96554531
98674629
73777751
84561210
88492279
65316202
98761905
78327021
74058163
67134365
65370464
78521326
68306984
60637407
63336537
81196067
97062237
71268335
68319546
94641322
69121605
73290474
98530417
63243492
79806844
62383901
64070743
69561967
68802773
72191930
63575745
67544652
67615750
69833013
79266288
78591919
73464684
81155874
77821363
81315979
72517848
67078572
94999080
69013333
61547178
89836101
65993068
92467446
65138219
69563400
63615894
67624633
65338739
85793729
62158054
71736730
69177873
91715998
79502446
61338352
97873283
65816313
77335679
66093818
65222815
78590795
69269309
61957283
66167158
91303232
65579708
63807101
76326513
93852823
68787915
76087148
82846336
64047025
95634970
95953771
87138741
63001937
91392265
64286417
61843536
73340536
65693111
93173879
83462729
76052177
66104908
81619491
71761358
65370485
89391255
61860463
85463054
84158980
68096172
61717053
63335443
79313965
60304756
88281821
61401301
97032942
69589725
69192473
91969084
87108536
93130437
87432857
63478488
69835283
82712625
90604475
94235472
77628571
63085808
84456279
91839664
97159776
67875708
90721040
63117944
74092781
61157390
95365221
90668496
61703832
63335320
72398353
71374405
71752544
96844318
69150766
82092481
67264985
69353579
88758398
66048762
65341457
60514485
67364552
97019007
84888827
93075312
93477218
84920528
97659549
61482367
62951860
65114288
98449136
92385973
72443654
67578602
90747755
95106260
66357709
87916625
84131626
77950790
90182898
81683071
77427799
60233043
61904294
65884376
62614551
86500404
88293546
72936516
67911204
64735438
73902697
81972298
62192770
62746014
67519288
90883330
61340703
87761969
64793776
85720717
85376904
66397933
68271186
66100076
62076571
94375201
63703551
77906255
75523943
72196404
91152543
73031723
63078121
89124721
64319064
63609857
79925701
61947994
65190173
72172074
84543264
60115239
60709807
63505403
82447626
87620123
84851664
83903340
69910425
66927033
77142785
95517964
64434710
85835479
67863145
74967999
79287110
64493120
64802432
66968602
90668004
64605177
98598317
64270404
68609853
71382064
69489895
65245698
96327963
93327561
62548353
85176901
75674784
73404117
76395957
60987848
82606218
93945406
98434893
95439375
69536632
96981006
89266798
65583898
66759972
94171504
60492058
81190946
65433310
71400823
64408377
63134380
69563040
64879889
87345107
88493221
67443437
60233805
98277078
68009602
87607926
66302100
73577527
62798041
86766085
91529000
60390789
64462289
98156115
84783307
65001694
62094535
60204651
76322958
89222484
94389629
63134943
88579462
85549717
67776877
98860604
67664627
66074581
66979621
62665031
95891067
64710536
94782333
89623069
76147116
77317892
98639564
65117450
69600702
60043788
69761526
92633517
92587936
96637927
69401635
88606837
62739723
84351792
63629197
60375866
93621428
82767614
93837671
65484499
66975146
63915448
79457835
67598426
69958573
74931750
79890092
64435520
76944943
69201907
91703751
67171873
63235698
91568728
62275356
68804611
85743444
94991251
67588047
69225459
60324211
62691803
61536300
98734218
89871765
63750233
84567475
71135262
65289353
63976166
87042689
65232619
63378800
78311985
61004367
87697013
65213590
94857515
66178395
91967380
72032012
71468155
60808820
97865346
67327615
62785044
78541544
81847060
62263827
62348441
65420301
74061346
61594108
61665737
66926511
86963849
90663409
76426184
71612400
68103337
83899948
63318362
90516779
67496907
66903236
68825265
87473631
60054351
67822917
60467604
62497360
95869052
68709472
63684374
77210841
90533256
86417593
65449908
66964747
63558835
91322697
74304484
88108346
91792862
77948339
63683633
60573617
79360684
95103898
76531931
81648711
62112408
75523194
66237654
83171379
63803346
72024233
61637661
96120096
65380956
74559340
61788531
61512049
63722778
66663106
66864919
65006878
90927540
67319950
74096575
95620022
62831318
61394441
85734330
87955191
65969734
77981653
60554630
71745663
97258661
71216155
76655125
65704358
60015333
60811495
68537016
93159924
87112622
94722969
67043661
68310521
62043568
67136138
73982673
60385002
60605605
81010962
92762721
83324411
77899332
97947448
65123989
96234551
77422408
65714702
68762851
68878230
67598629
65998866
87352738
81546283
69622679
98161174
79826236
77844780
79907830
76423131
74398179
87456889
65852449
69030816
84578513
60029404
98542879
60990158
61790053
84076135
67288075
66405278
71828671
66070989
65563734
95242898
97477493
69078649
61385048
62500846
66118877
65527297
68859559
94062873
61711702
65483388
83856480
81619800
79351402
73639610
62132387
93809898
84820588
79551692
68627607
71479628
86943143
67144517
63904242
68169586
61689970
75576903
77564434
94964575
63715645
64586612
96547863
64095645
64511236
93823821
88569361
62806223
61317084
65171650
69575904
66369097
76444054
66702922
63698738
83430953
82383230
69227149
66699938
65706221
63488687
92252886
86684595
65504443
87809967
98273139
74737187
96102534
67974217
66046553
65383811
67911809
67058417
65986652
65817649
61426258
68567957
82069443
79122554
94286056
67433900
87384493
64326745
82643768
62333647
89434201
60736233
61382683
67645801
95678857
64064038
63075237
96794851
60684138
60434298
83097028
83744332
96891737
69520251
79624856
76020698
88802205
90848807
84098403
64866988
75142301
67063100
68058672
84737431
63166092
65762158
66884806
66906317
73171465
82329299
66889303
71309201
84156827
93359935
77196529
86137625
69599480
94571421
92825817
63593931
63639776
94044011
67806469
67153757
62210786
63163544
79733603
66261739
63626049
89294933
71156234
67285890
91395415
72707084
88429896
75146543
60092302
69594168
73929482
68100150
89943334
68321033
78828283
82740513
74770156
91048213
94221244
79111319
61285213
75079947
61406483
67788904
89618116
69278148
61455786
81070664
72014430
91385735
78889596
89775628
75615368
95435018
93330312
73846800
83191293
72074060
63932523
96562069
61134996
63492430
93814798
90144551
95264200
60563456
62968578
63731838
91428677
92714785
68605789
62995030
86957640
66631482
65168826
62758148
91143541
68440805
67334417
62250978
74544568
66790347
66081224
61104959
93215953
60594000
68723501
69239873
69684496
62040461
61884055
83913113
72391646
69312032
60502216
65961526
92024508
67369810
63802181
90674759
82514052
91735318
89323283
83337455
65526495
67104388
92273848
67810877
74993008
64016861
73977033
75122929
78420139
75948415
64501104
71670023
67440412
87140977
66898081
64219540
74841089
62283879
60705472
71740172
65840981
73869801
98621309
64219114
98048163
98924731
66014632
68295533
65166881
84203359
72164681
78455885
65303627
64735192
73667419
62135003
87448545
67857169
89972161
64245640
97300043
68226329
77725080
60391932
69773889
69918679
89948924
96297588
69304302
77933822
64243729
65966461
97434780
93277340
79326241
79615385
88739396
64974709
79648100
64163918
76845968
61759215
71860018
68250161
61163643
62962937
90950481
97151340
66969141
63240154
61829979
94965699
68445648
68523476
90653335
86977983
60598103
79671294
75667039
96874572
63389940
74789459
87434834
64084909
81283111
65427460
76587485
92240924
89463444
91371569
78705833
60810524
72517152
61467326
87973983
67843080
61293351
65915972
89365438
61928992
74268421
64402603
92541117
60554739
68972776
67769553
72894779
64576876
78529894
67523583
67067958
71992322
94828690
65297003
62976242
98266813
60286955
64906518
68836780
62652219
83951064
95783253
76603399
84671674
68282453
63936125
63462800
93633813
85299566
66558367
60939592
98088996
63089781
92749396
96774710
75512729
64283230
63074086
61305895
65162231
92579267
64743320
64244569
97935553
75282277
79597637
61555376
74046588
65151890
61837220
66441071
66058802
64497354
68253219
86001102
65296279
92739407
65829007
83551366
81130562
74661935
68720720
78038100
98299846
88516558
64146325
92714132
68252273
69909026
81093169
84917559
66540485
63438331
76579470
65689426
85837947
64293691
68635573
79044752
71417347
66504501
93172086
76280870
69236971
86693181
68580570
65873991
64559920
72235710
62478811
96867999
69484633
83697312
67180059
89404789
84887551
96803319
94031591
95555099
64143207
83782080
86828138
68685502
71538977
62378763
73251392
76799045
63516701
94323327
66852215
89352717
77317835
62979918
63363176
67665963
75351626
63885582
92093909
93515257
81006409
97342840
68646856
84829389
84034075
89686241
62583914
96697801
67300055
64076308
77864303
64587820
81291176
69236006
82097416
75942085
62729833
73586384
66817125
69271236
98586238
87075685
76641840
83114183
98493797
65707440
93316819
67560936
65159871
97713618
88436763
82117010
60235758
85619856
74510625
69503369
84525053
78857096
75701275
85881422
92248497
95149718
61972655
67562817
67315438
65378980
68517520
97609365
68186762
69536800
83755049
61942541
81525764
65629825
86191083
86204830
65254032
63363077
87782618
64780258
65676182
94959396
64604434
71702643
75501503
95520737
85430016
68426104
61685765
74775376
69338588
93624531
71615195
68235152
63711338
74943630
77974507
93435175
64325005
61226700
60328278
98618790
62452088
88738099
98698138
81042037
63353479
62702000
63742689
67961298
79261224
90369784
74436790
61308812
84285469
65397540
68979202
68675193
90928568
60533982
69032164
96841361
72906607
69272639
68039057
96921024
69672445
82228168
68430648
66391045
98096956
66518889
63934371
74948966
63318229
69649122
78201914
63576945
78853490
95248901
83584168
78397579
64358060
61358761
75732224
96718365
92619951
88030281
62753447
91060081
64278325
61447242
87261668
94591147
68050242
64398788
67294598
63289660
81861845
76762494
60144207
65609350
76453363
79981831
66637211
60213292
68272942
60397520
87167350
89053554
77617493
98088617
61702907
92902361
65086048
87791578
81821513
77627358
62875921
62950712
64215011
86075026
88763549
64238850
92915018
67182761
65185678
93593103
66608168
61806721
63947852
85924008
67570195
91406255
78151920
62554663
71476098
68152889
68913349
63919118
77232425
67185956
77301594
92033462
97910593
73544118
62452176
60237321
64425386
83367652
66886975
86527476
85752438
63457326
71932332
76769173
61365659
61620731
61214056
84350343
66783232
60042474
75958150
67466411
96465580
89328635
66961920
90628155
60486683
62539704
64299767
62499362
60774593
81321842
61155760
62944938
65502181
64624043
60206603
78385388
60991022
84555428
60949998
61584588
88233136
71660094
76322459
76151448
83983633
77350367
68940301
66257861
63193214
81946099
62281371
62551595
77688840
94394781
60054578
97059038
94310760
89896634
83611998
63393293
69049666
63002148
67195916
63251425
97265405
64906715
86876221
93747346
85911406
81066971
84774513
66066689
97337204
68663084
73286791
63180723
68259436
98225564
82137013
97229999
71970808
79723289
88956392
84384100
86183492
97708712
87943580
97505273
67525464
61697990
60435914
61270605
94006532
75936518
62598151
77965849
96396914
88327839
62691315
76719861
63755128
86084231
86612174
63889170
64282143
76195768
71077022
65004944
88374453
73321061
79245665
65154528
83260608
91027221
82329093
67969280
60468535
92293851
65951586
77670184
93804199
60893308
68825568
71113388
74859334
84063427
71885033
75247690
79106345
71130299
64908665
66523620
89511590
69782625
71275317
88779347
69772618
77374676
84739247
68365342
74619603
60736479
64177658
79738225
89293311
83537793
77601972
60625387
64723100
88130615
75399166
62243380
72217294
60650878
86987235
83891509
68018431
69384206
67072196
95570554
89703070
92774419
71087108
60588510
84587789
63887464
69810992
67083103
73643876
72985262
68702873
92498910
60943547
79183303
79186213
61031799
92313537
72230427
63687454
95412965
66007181
83684338
62643142
96088581
83635057
71477194
76891588
67509428
86190624
91392971
94734914
66407655
91966859
66247085
95707183
66853199
86627460
95835192
76967908
67242687
96710570
77577992
98095160
68551837
94188623
65541312
82829179
61311125
65469828
86171261
95007529
79446594
63158548
62661726
85661868
91535822
69356364
66952881
69791237
84029175
68519617
65315369
72415233
96297398
95090241
65671272
64176634
76576245
88768528
68050733
81168837
91558566
85705033
71216517
93759130
65777435
65164235
62150904
84070085
71333051
74692360
68071027
63301151
61984539
81207880
81645247
97829902
68275613
64605834
61014515
65378134
66256383
86196563
82376729
68199785
96344492
98853448
73496542
68685900
94554384
97335209
67286430
63527693
66359864
67780393
82558963
94143055
67474974
89609606
94609136
77241646
67262524
65013559
66944004
96460165
65940148
90549562
67203333
68526417
60294955
94050399
64656834
67083892
72285032
87876175
60010838
87938126
95800583
62898223
62455122
61412723
94872849
96988753
63343960
86493864
63528137
69931038
63286889
95654685
68642893
84714160
97711887
68644808
61708736
92601203
60351646
84759346
88548472
96340996
60268824
67369169
64943734
81353318
64489377
84174787
66204468
76671018
60999104
90078880
88688382
68959851
67652241
78704588
91693534
79888532
86270448
62355817
62905402
64504497
85994113
62540233
61325955
96717623
84809311
83629525
88641871
88068335
68822939
74912992
87357608
63943774
83754203
95681942
87650684
85861279
65304681
87703106
60708496
84164218
72732282
90433972
91760662
71113670
69033979
61875290
62421284
60780073
77877748
83803354
64660541
87583361
66810269
60267774
64960855
68099059
61180497
63635733
63761756
66638017
81112848
87245283
85238651
82197413
64014977
71761282
68554943
64561690
66060808
66322446
69773527
86310911
60340053
67108325
62298907
62990317
91263902
96822304
61094363
78034583
72850731
78374578
91573394
89553742
60500617
67205271
66092937
65632676
79203074
60987645
67174064
75987536
95198632
61911184
64740043
95467909
63177558
68856453
61312486
74280435
81788620
74585222
78302633
62647304
69592011
64763736
62025039
72852226
73648321
78845916
71418205
78275712
63669344
65715293
87211937
69183413
73843133
87748929
81512604
64322886
68343565
62401950
72922413
96845611
76923554
60994381
88658245
78602888
67905050
98199399
64738217
62901465
69422945
97294509
76771753
68533961
67330500
85535478
92865110
60664618
76398287
68650019
83117097
71029158
73954435
76618526
79764017
79612418
69467516
67060435
87506689
89884493
91573405
74220978
98114609
62103102
69181815
86931870
63511545
63982720
93485222
69178766
61832600
68585351
81837689
61284557
63128100
90459245
98497643
92717080
66349094
65299674
62371378
98086810
72427497
66407913
91422287
94305651
67805515
65911220
62606432
65166445
66052930
61540086
67000201
75648958
66072583
64886274
82770903
60001818
81559131
83334547
72960193
61290618
73430045
87440784
81480519
60818158
85142447
74130054
67033625
92076197
61516925
62062901
82713230
60326311
65297867
62848506
64761402
94024083
85866866
86857153
69244942
62027275
79772442
71095925
81976326
78089081
65486932
62015815
84584211
96852837
63008752
81414001
60959293
67217220
65420440
62146191
68917145
78559986
61606935
68821490
88393754
67456665
77972846
66603910
77675365
66091360
91694904
88622889
63699900
64026952
95135697
65138671
62672397
60392863
82530840
67897235
67538672
91596784
85785424
63549445
71866320
65551902
81567581
75530460
61899488
89668217
79321592
88140512
66861205
72081891
64492343
63566123
68875924
66542754
66088417
73811978
62225325
90983736
72168036
65357893
60689196
92348717
97246776
87313708
62862268
92701400
62006120
61118108
64332015
89851243
81391668
94403847
77573788
67782059
94637490
66295335
92927655
65417371
94221899
63826687
67532668
97286574
67642267
63992289
64286711
62471056
76166627
78612202
66939666
65324670
62199254
91675995
69049290
98402914
61789653
61865166
60014439
65144785
94541370
63682306
87673250
93160006
77886518
72416566
62190936
73510621
81797784
64705160
65916558
61445785
60692870
69034967
85427416
67100431
90771523
82582981
69780096
67243354
87948761
60261002
79234075
87030313
87449561
96244703
60120747
61341104
67988218
81947169
67273617
78815772
93556612
60350262
93061497
73654733
93712083
86956262
60771838
62335390
75120249
83291137
83275563
76978575
72711979
64585181
78138677
69692403
97654818
64889182
84559206
69713783
67182373
63295484
75261512
84161120
96475872
60686274
68482281
63116986
95336885
66265798
68983473
64144029
93463672
84978663
60947013
60867372
62116039
88704486
85667826
91686540
83025065
93775328
95697503
64562755
69302597
79931385
64474774
79889486
63740234
82655971
81511496
88101246
62664552
64950397
81022576
65966128
68398225
96701201
69904238
65398090
87532575
76873886
97905403
61827250
65554702
60178902
68664459
85180294
94763255
62600827
61448277
93220945
78407595
92469331
96915500
65505303
77253783
68845385
98285274
88432426
69316977
63298473
91040621
73935474
85097085
61197459
61894101
63269214
60895481
69896877
63575323
66719504
93613389
92807485
64303147
79288669
64674505
96934985
62945566
74164056
87734333
62038550
61320002
68098771
97129344
91109252
77207910
71962726
66470262
83023425
78735228
72095493
79133175
78347320
78886498
62207681
67691446
66427813
79030211
64626921
63477326
78166440
71071634
78899485
83805654
62913181
64310993
64071681
88117629
79725693
94273436
60028055
97745873
62015093
96730833
71194215
84536547
64431826
64272047
95356118
71127685
79560193
85384227
68769987
91786111
71438829
79549459
63080569
76398579
68158694
62610283
97516531
60944828
79491198
81148849
91981772
61486976
96650038
97691652
63513964
69098555
63996839
85312177
95994063
98019168
67962815
63649659
60842304
92972105
89725062
67933175
72778169
85722426
69367226
97101676
74752145
62563378
69936412
72431279
67374571
95785102
61294476
82109121
65019902
91152805
63346321
65241689
62146098
68178579
64502363
98879131
95916287
68064992
69613425
98572797
62901733
64835118
72437346
87850977
91257234
68242049
61714949
65114181
60901086
72384324
67029274
71551091
83212098
66339229
90149233
93558741
60859968
89196990
77786468
88833532
95124942
65637274
96703842
61972388
68022483
66866647
60727498
69901312
67378418
89686212
78644369
95832591
63302485
69424146
74096135
64781671
88076978
71554497
93543628
63647206
66710654
68502852
62667428
60439848
93885356
65730756
89948553
65872639
66432932
85762750
96695088
96191018
81559971
67563760
81916618
63637618
65380537
63842962
60599374
96453156
68069058
69814089
60437968
61732905
93220081
73265950
66742208
64589711
68109114
62250896
89412344
82915189
67513002
72017095
62916570
69691441
76065626
94791928
91558745
66777995
68299259
71435792
97071085
67790126
60956264
66198274
88200452
62862435
86210766
68451335
62091509
66201781
65463946
98977504
83267748
64731674
75083931
98315958
95551597
92629267
64997134
95688014
64500056
67653631
78295435
63384432
65522437
67061481
62115317
65793788
60944422
65058180
60302145
83671735
69423446
83667171
63680564
64201601
79523645
69188334
66470757
85666514
65640588
93150856
63675103
60210208
73524827
96139184
95920140
92532437
68583011
91300148
91915879
98586903
94726570
84433662
62907219
74490377
82698268
72014730
67757676
75027766
84129188
65387795
77103426
64596632
63363842
79854867
86459296
69551970
75504249
87830814
61731898
69892693
66883417
94348261
88287667
93038140
62365043
75658817
75062543
68439297
66930356
87234287
73121434
62556073
71675971
77491714
61914752
96568395
62151879
62504954
78519422
60277215
72461844
87868557
75901167
81357504
83533723
66080664
76688759
94101778
66962981
89648010
94297024
65631199
79566723
74597826
64508168
89947183
61466220
75679767
71379680
66435707
66877722
64495912
89143024
91993948
69155259
61876180
63658069
64127316
81026111
62549185
74313747
77886895
64256175
67153980
79661078
69170555
61989848
66972155
72824027
62535380
64860708
64306506
69378375
65779925
63306814
65250486
86993837
85909174
90013947
77886007
61002213
91002066
68019147
88596602
62656560
98140404
69633282
66097539
74787779
84897533
95002617
63223780
60887403
60554208
66772868
62362735
65937697
62268128
72834862
61836365
60471428
79485698
91571771
84220781
75131770
92285525
98819961
98668586
74700863
67645315
66808958
83664685
91682863
66090955
90278297
86664983
76759715
63273336
67143702
62192245
81865801
68870885
66185966
83601677
77776400
94110745
67041547
68620157
60314920
96844435
63741530
76425512
66485622
96662852
67933958
60499072
63319300
90454203
60310000
60270516
64393183
82323658
62343935
65653163
97266281
91178936
61347463
63905045
63155313
97962936
67228652
61202637
68042019
71079326
78373440
68707620
94517803
65054967
66456620
96496165
96770419
61202512
66151877
67364176
65768755
74279995
66438534
67664593
68143153
63550857
86712644
81902970
87322318
64608321
78208828
67461593
65374552
65645940
60784425
77292972
81682570
62170651
72205420
64871943
65173372
95560624
73826444
84609025
66570275
87302040
60887125
67093330
65247938
73110925
92508058
62701865
60494129
61159920
78136730
98411795
73693650
97449941
84364330
95966729
66426086
62694044
69840176
68099956
98084842
67589645
61274375
62348678
94811204
67000382
69302754
94311886
93405128
71675284
66987128
90232667
64766829
74813225
92285501
71071953
67659948
82079804
97235451
69489230
81571740
68024581
86340465
95532361
61802750
84427657
69994468
89913287
75498029
63857954
65699843
90808382
79567938
88860377
98790472
60828756
83507738
72230125
69899861
60921694
88727079
60377036
73278311
91682253
88126686
68380146
66319829
66489576
90803890
90261570
97324538
61162443
85531661
97751763
79753454
78335438
65954384
62583341
67293704
93599967
82807272
90773004
77094790
62406571
86031115
64667497
85194549
74898719
64686987
68041857
63712438
90124795
88427625
87557806
77998962
66456030
61253626
73348930
68940477
77113251
97838605
94330585
89663312
69661543
77914635
96689305
84860540
69811233
60421532
81068666
63042380
83078286
63882096
66525566
68807263
60521377
69296379
95428117
64730855
60171377
67868650
63150065
82567963
63862475
64710695
78172932
68432680
64276280
69400054
77815641
60232136
69389193
66884335
85327230
95828560
94066891
88602651
66241934
96245915
88228046
67928767
94464739
69256023
94175551
67277078
60879206
69694046
61381820
98057855
62018337
75773668
67091705
64546103
91263729
63812557
69542445
63965373
95922111
78738901
76037429
96205854
92042813
84846554
66729442
69959696
77656027
77645067
71349615
82379818
79248849
62014037
75275785
92466132
78070326
61696881
66048209
67947166
65131236
64158242
92616006
66631344
85260909
78786272
91224164
74979148
64997770
83526924
83627633
63081384
67471283
60747936
67776178
66338364
73432798
89468414
61172337
96503542
68185938
69063603
62830666
72238319
92811075
78350254
69641290
82709698
71997497
62189467
67572289
64199213
61780969
67534238
66072626
66830380
92713626
81917428
91491230
68876028
85481296
75163579
85131378
73928132
98292798
72671558
72185013
65745817
63200386
93124233
63648707
61886850
62258431
85415428
95861556
88847153
61902440
94887934
90670367
61960964
85693509
60761040
97685749
81395445
84327678
65298650
85419330
74447846
60531434
63170447
77496648
75400721
74522795
64621240
84212584
60774110
65048510
88722268
66930552
63639584
71492357
89087569
69591399
68220302
67383689
88626576
65448476
89234400
64492609
67250846
91770571
93463073
65601806
63988045
71997399
78556080
92616074
88080802
75492613
62514617
62020408
76209172
96182709
72103476
64581330
72957644
66837407
90687943
77793790
78925365
98168027
60641033
68645869
77564676
66606941
94177725
85961902
97450952
61636164
82297771
86245226
92106452
61726933
85057165
83726933
81192544
82936367
63593475
97127153
65103645
79764129
69086058
69839546
62224501
62734528
77197938
67802686
84949116
92291297
82740668
85752918
64393001
97562410
94034061
97282844
65930552
67916348
93942077
82308806
84937991
64888850
88618619
68416237
62471588
62883811
74253694
60143983
96782385
81646950
66580546
60284348
78305529
97219314
94696022
65164546
60424844
74514077
67901189
64912729
62201461
77699180
75846409
68767192
86712890
63586289
87651673
75246909
76886766
63007130
82661543
81824539
61048750
64079965
86160944
66678588
61084204
63350558
94220228
89847460
65075729
90531056
64533548
97632762
67424702
86929790
94707216
62488803
67911686
64860581
64501008
62050479
97180778
75625850
85859267
63414720
64228015
60289408
65953933
77832321
84534540
84827954
92215902
89035114
78157766
66743432
83939268
91443105
95648198
77809859
87233830
66408807
78759518
67126223
68580982
84363227
69664302
69044474
88428312
62395275
61185784
74919454
67372704
79181035
71031320
61008516
77194103
72083419
72620448
62847125
63667832
63185721
62110113
62133794
93555049
64071748
63669455
60118431
91290938
69508158
62249326
66095428
89918119
61788425
75808018
76839581
94646083
98240620
66610747
92597176
66529771
60807497
60677360
79350034
66945090
91159712
68554588
63028242
61495292
68341123
87570273
76770797
66194482
88803836
65642840
89973056
68276302
91887690
79283988
75032376
63722837
95619922
82382914
94799570
96074685
67606286
76724608
77254952
62972831
61489041
68452393
77159711
69170731
83051959
62100828
93706316
62220230
66973599
87121996
92196270
96417061
93328538
60781601
62974181
63445391
89045624
65480137
68585937
68016180
94845086
96885179
63883268
76145312
92898188
95078912
87999398
67537203
90785367
81321463
63212303
94206273
69930305
85973259
68345424
71586178
68784857
91742913
60701102
85046960
64706291
62422142
69961297
60350656
84185935
79162583
98525074
60929455
68367241
66644366
78855825
90231301
92558349
66054007
63187190
91113696
93277590
64771637
67279176
69306301
61612475
61640094
64957293
62640407
61199706
67407326
95056712
86637936
78748406
90043144
63569101
60522568
85958638
94979186
83352885
81880937
84598846
98098697
91145987
63469400
61219452
73345760
64430463
90747681
90395254
67012234
77433872
94602261
78814565
86970948
63870847
68801145
65567246
67214649
61214753
61205504
88874801
87236592
68174216
65256252
74876710
68644251
97807133
73210521
67046231
78548791
83833795
69128059
97625769
67593703
90893340
60631480
84406407
69989942
79109392
65419076
66458558
68036186
61421652
81672870
86923892
91137457
66743672
86823531
85537973
83697956
62481906
93485331
64350922
69026492
62430090
64288026
69830646
62596335
93259734
68627327
62221393
66721916
93023117
75502381
88449930
81470082
91730541
68383771
85381371
96394197
68399205
93994046
60617301
71364124
68625172
85755068
90338494
66255848
82642998
98061477
74176377
95120825
68975431
66329324
60738317
82117621
79704846
65076951
83793929
68653717
92770967
69374896
65728575
68578157
74459288
69730263
65245488
78111699
75077969
75494955
92945327
62180398
66704207
93783311
97053576
79568732
68179009
98684362
63658439
66764173
63524988
60330807
65840209
75189026
65982507
98208306
95074937
98598684
78928034
79008437
97145071
82607165
62595030
96445651
69155888
77241565
88145836
64248165
76722750
68074013
82647037
66868197
97942757
90483441
62042588
64874290
91019634
60248369
97219101
95674192
72299439
66048530
88228193
93444006
76438692
71197596
63703303
94102832
75443887
91332526
62015112
75344004
63675384
95503013
63615303
97799064
65427546
68619586
65675286
63110161
86947930
65240482
69034933
69144384
62209121
63529999
95540434
69895534
71345695
68047117
68925063
62967358
64058370
63674120
84338770
78337416
60671976
87942871
96802416
89221212
98748338
82546531
66450292
69285838
84556661
60831096
69931010
79060585
87101275
75721242
65564242
60504762
65366519
96275824
85784812
71190408
78275789
67173113
84419567
60459367
65812199
71368810
67431962
69129555
62265675
91338748
65583730
64430896
60061837
84685648
63179916
68552783
71938961
68543005
69264984
67972888
82629473
61531168
60657720
92520227
87164456
62793648
62623158
77528868
66174277
65443305
78959775
61615418
60351178
81057490
88977532
61317413
69341786
61414445
60195364
62073439
96435036
73036583
66304421
65946951
61107838
86769346
92287153
66164388
98327926
92297889
84362753
94285792
88325460
69297219
62961207
64858876
87084560
65261954
61652330
83028103
83525942
87625598
79633651
91556659
78863099
60341880
67461671
65132437
63336046
73419554
66079011
64898228
78968585
90253031
78743735
95457356
75862584
65708319
61018796
86673228
68272105
60874040
65413643
92981462
83729355
69509941
84549673
61355761
73647984
86729434
61377099
86718390
67719634
64791830
69243641
62597427
75862762
67243846
87203712
79819671
83070128
62330047
69901249
60557048
77898492
68125593
67930059
92267321
73813123
64527556
60657714
92568661
60306506
71352597
97021674
83823019
61280417
65942966
90646033
86974322
92213880
71780597
97394097
83374997
92322433
81358528
64528369
78453261
86884712
66729153
85615150
60270769
69027721
60097782
69351450
88694230
61261399
63526007
64227605
79938817
88515179
67751656
77240452
67670699
65824697
91444374
75955996
66327939
90910304
62180953
67171395
90000384
72877545
71172416
60387454
96218556
79285608
61970534
62548305
90142868
92518186
83909483
83305181
61872853
92464660
93937735
65403454
66333920
97617131
69293011
64185749
67074065
66756799
77708432
83716016
69103800
83348569
82358195
63876862
69962835
95796405
89126104
63251239
84574056
69579969
66172649
68771545
94885207
69709840
60173235
84973756
87304140
92082903
64972270
92337549
96005232
89480322
61664526
68791655
90618784
77967754
67779552
67388954
64925651
91353683
83298695
77222138
88459994
94789982
62901892
66966002
88575642
65193623
68525975
67416139
68244357
63543610
85302933
96879684
67722721
66519819
77013509
63094116
81170076
69453622
64640586
93886858
66508271
72080508
60948856
68821116
68418347
86606270
78371554
83489461
82961799
69980750
67556936
64682992
94255407
65026188
86845439
78118860
63063768
66045292
84032905
69564359
75940820
83696198
97028210
65715242
76435827
88400982
96510286
69497876
63316776
61980718
72351629
63087418
73321735
74055122
72839342
63903584
82158910
94112668
85845725
83633355
81097808
90213341
63148867
85934760
79898506
68137973
93410114
96507038
69139450
87571845
69027597
72450908
65839775
61906096
78566276
95591625
95173483
61507620
62774329
72134684
60445561
98055947
91079905
65586229
63972634
64264787
71733724
62707781
67043701
97651256
61022574
66053234
73263520
61442955
64726231
60255410
93175021
67935402
91766692
71471497
65340759
93438087
82967510
85922191
61330568
66669430
86048156
68396355
85659963
77834308
65572395
78002264
91895256
62342818
64442741
89870015
60214649
81006401
79705945
63275793
89882761
87584243
75790582
65689238
95224090
63330276
66324894
66820487
92866585
91511520
82035993
63616385
72933192
89186115
75872349
81468259
93893603
73101956
69935321
83964591
72303901
67662151
66845548
87846059
64023568
63586824
72714349
86197610
61774562
61877263
68266227
94080084
91535486
68020545
61149221
95840645
69812574
65314360
89655291
69862946
71349927
91269149
68454059
93652927
62489388
87764800
66438875
68198360
62098073
62315571
78197557
65270495
86351465
96823354
68494258
73321242
61662847
65384359
62413104
76511885
69543510
88517514
90738438
63145081
63100944
71086490
65764924
60665773
67545191
68070436
89382026
64050784
65176496
63756486
92400858
66998216
89097401
69935433
69768792
76062842
93450242
67832943
65828657
60598533
66278034
82244421
63673644
73105632
87893864
68561570
60460733
82128787
92699568
61897729
98885537
97362969
65021367
77511704
60220457
61184396
78955444
64330654
74075608
64281436
67472672
75542903
71821246
60063123
68339728
88687919
79965922
61327890
65228801
98596750
73780440
69495512
81696523
78724444
64656842
65998270
86362321
83728744
82668014
65547658
61437975
79946759
79471174
66531071
96661438
82450351
67445030
68232480
64538548
83931332
69046627
63083816
91595625
75950537
60503874
96087850
92847420
64901935
66880369
82664527
98226514
66477263
87890755
90767522
67115031
84024005
98637926
67585843
71579913
87889489
94171402
67990981
82118578
65252312
60999331
61969181
63611772
90278071
60845518
71816661
62041781
65928715
61317159
84976568
87318391
68918395
68713241
83315733
73393055
95471265
90017491
63797635
76221829
95491617
63000727
61564519
93484411
81493775
64114785
66515746
81956051
65102135
66684297
60124457
61629929
83251057
68696721
73633658
65326437
87016372
66039643
72718987
62703712
78739928
60624870
86865787
68569216
96891098
79071079
82768842
66008617
96981633
81110085
69239279
60476939
87673481
73922029
72543484
60158744
63756251
68302183
62921863
60234002
86881106
84186996
87162929
81752640
60788001
69313435
64542793
63990162
68598493
69504284
66781957
68673599
63924308
64864417
60975314
92131905
82350864
63319930
68836888
74443626
62527037
64122979
84129185
64676674
81057104
88834901
68570138
95988339
92377836
86480174
62070714
62738454
67465673
61417030
60750939
92002141
66479731
84715476
77603448
60681951
98552221
61182523
73779371
78364995
68960413
67788065
72977608
75151049
64552329
66504126
88815011
69541057
95984791
63953199
66451024
90141116
88631137
66591519
94273584
60397569
85176622
60399094
71849176
69176021
68576488
94775010
93775639
76379988
60355833
92169427
60453848
79935723
61065380
68843268
62789740
62978081
85518546
73842578
81542511
63887420
61246692
67034080
74367920
79212703
83066851
71289191
90418719
61783731
60574666
64955237
61965410
66864497
64302010
83095553
61120092
79823999
78630312
64954050
68717349
69491116
71585105
79624680
81043537
76006696
86521752
75403322
65864628
76292068
65536167
78792097
82279792
97290855
61411597
65171061
82939527
69590429
60913816
67330847
88442659
61421890
76216123
63120239
81278539
66266371
82899661
60778523
63295696
66193547
71888420
65063325
66059239
94044601
62509412
72262469
73752540
87732894
87709607
69126722
64415201
94169943
65563788
61477827
83649965
76784923
61968591
76128653
97385452
61469000
68325564
61836987
62669236
60524601
64360630
63975134
60549887
62061501
97648733
74092771
96085480
92733967
83201979
91529819
90019507
77740609
76430075
71839406
82637062
61153731
67896524
72709554
67567119
63955327
83543021
62085599
64646036
66222263
77879811
73327638
86243963
68661344
73293623
69400616
96823123
63619066
82220632
96028996
64454356
89001330
79998347
81297600
68659066
64395384
63878442
63414922
91003163
69835974
96400478
96597142
85666435
86847889
79905015
98252435
74445527
63450950
67799725
62413218
64698786
74805502
62424289
73578603
94289018
78752209
81194935
96209694
68006479
62621457
66426631
81944417
93239737
71457319
90481877
63913973
97502951
68946422
66561949
94233788
63969664
65482987
69672614
60999970
71818327
73662206
81477483
60410219
69639966
81052006
60077796
62349327
66320919
93739398
97710756
75462718
73830520
82245313
65260867
61424820
93088969
92206851
67726955
71295194
91115729
82653055
95478987
61050804
97842380
69500857
87831501
98161429
62225437
95805735
60022580
75115548
85257671
62772555
60499009
67945853
86535442
62831793
72910016
91692401
62811771
75557200
82270178
92279432
68829121
88531735
92754810
67581475
60564205
83690460
69594459
78736251
98497678
84815941
71057744
93437806
95106937
60181858
60194927
65852049
63110789
86238602
67103305
62495948
66378978
65336979
78936258
84665578
66532693
66224661
91844522
67088000
64310004
79676978
76792697
78757799
84285186
92950012
93877738
82514743
92804175
84830444
73257390
84095504
60521373
68732354
62024744
66862067
64028192
69104124
85133571
62083623
91555172
60459197
85155636
87397634
65283534
68210694
78980829
62610408
61474518
64415012
62050347
68301739
60302963
98471214
64656381
62544062
61456842
95502166
65018406
64296527
65723142
82597739
62144278
64985608
67069639
93078232
60591027
97342661
60153025
77802147
76948521
61380004
60151446
91679026
69216572
71451515
68123373
65088106
63108565
60494398
65190678
65319227
87732311
92721120
82174907
68998309
98390511
91842045
68179149
76100727
64012382
79889551
63687899
60755669
88726091
69023454
86670390
94725875
71104215
97513789
92207973
60263312
96192601
61129369
68771463
75175467
81032185
64681566
86228172
94244375
97003959
69408669
60443248
68034468
66636077
71173697
89163350
83580330
86682962
68856582
69281346
96604151
68507224
65443546
61367264
64716983
90230767
66642594
88280478
61855880
64694639
61002199
92337555
89558568
65923302
81142725
67384894
71310264
92595648
76455191
60711120
78737409
82193391
82061582
61811388
68985597
60014261
85165415
64063629
87255880
90244689
93823267
67743318
92138955
64763609
93331131
82771113
95242631
64307655
76470132
67086023
62203666
87706807
85124781
71616288
73797965
92496087
68826009
92108397
76403846
83497567
71596494
63701067
88567800
75194399
98958191
94205287
88486741
62326356
64264703
94108195
62048235
78167065
62345905
77628508
83407179
84829759
61119073
68474901
62237460
64180814
61189306
69657616
95265216
63462513
67988585
62793582
93493140
64657810
82607633
66232375
71065089
60042115
60409232
65102281
85306466
85081399
63896084
87122182
81006505
69278604
62583863
72972783
68107268
79938343
94147739
61640038
63992767
92942221
66361751
95091733
66241120
77792037
91810885
73569046
60683238
66078010
61783030
67303876
78587112
65450648
78172119
60414571
68489461
67340766
64058524
64908534
68185833
81134318
72265695
85064517
65063716
95823365
97578951
69883793
68542754
67302198
65262845
62847362
67559588
89601380
62939530
61552253
85800240
74775807
63965800
96527436
69524008
84671163
68032781
62440790
63688991
62873126
63792560
61182743
66048285
74367486
63638727
62648655
76011029
61052919
84779823
68657806
66213007
65307495
90414501
81486782
82556055
65260760
60683969
68402202
68193469
67755344
65729467
90273237
71530783
66024366
76907066
88571354
87553233
66249884
76717993
95684137
63762350
74840023
69957309
78273971
62795043
77825701
67058231
73431913
74253371
85160753
85107363
61732022
67966991
66701540
66668064
92474682
60734212
65182611
65689531
61707041
96856952
82369481
83693501
94304771
82679470
64104446
64638661
89689837
92263028
77156134
64368425
95015571
73681886
65082278
94707395
95740257
86558545
74979065
97330423
91286001
67896551
96967661
92911363
61200758
64630229
78637159
64119704
63590452
95314375
77165893
62896075
64256940
74172936
68789197
66646821
65752309
84784071
73387443
83321571
79009408
93696165
62435127
63418481
84319890
65455445
78948761
61307773
73059641
90468317
74435612
63967228
67379639
76532925
76593273
69495868
65276594
64834320
86551262
66251195
62579729
66920496
89830022
89842418
79462982
79980597
97702602
67883029
60129270
89317963
93128417
63363248
65375237
68453082
82529078
78777356
61654704
61966451
72336519
61761574
69702777
74790577
68526800
98778125
66039389
69629470
88989903
93647755
71728382
66259017
92550111
67156814
86337758
72156494
73169044
60818325
79721930
63967587
75884135
97613805
62184440
65633491
84896747
94401929
91417862
63237213
61646457
68738512
62176713
63430900
69481590
65884233
74564320
88405340
64350292
66138330
60741604
66112883
74931594
96302624
65007327
67513597
74056154
98305169
84685718
73052925
85535777
62704822
81538633
72189735
85190568
79119134
73135921
96251580
66386414
85428038
64393571
93847876
68855146
67012065
77641445
69310472
63619914
62483643
94563163
78628545
73757406
65100051
62518304
61132025
61700177
92847119
69005234
77774391
85577531
87419973
83164581
65746039
86010422
63210878
84411324
61419781
94029508
95962815
63413402
64416021
84435580
71205634
65427283
61925194
98588340
77996464
63913040
64912224
65107293
63625968
66933192
61993249
65812289
60159037
95780915
75746923
60950945
62123136
68402928
62224089
91473714
86571907
82682301
69424562
97793308
65153491
89378213
91357370
62996457
65060326
66784964
69932469
67096607
67163367
65947913
62601276
90412830
82764853
61809364
77919540
88417026
78557685
62902767
82223821
75919007
79936896
84299984
82751740
67154091
67070803
83384560
82966423
92780789
69085971
63420976
74628649
79848789
76861295
65047866
98161473
98760281
63049470
60563002
64474756
96928895
61544592
64002121
68576095
85226975
96739538
69486168
88877168
97714773
89791091
61682635
71167801
67753791
67114859
61135342
73157675
66868179
88056625
71007031
96667592
65872083
90440567
65058125
92932827
66081922
96789604
76259316
83880072
86746804
78633850
60826987
77279467
67028673
97155753
91999553
62680616
95429250
78411036
61657053
66067882
73085715
61484361
77338197
64579315
98478822
97558241
82725851
97625589
92333668
90329509
78719531
69378113
87597687
89175305
77834998
72215030
77020626
67686811
76331610
92524571
75739747
87206479
68480198
65019821
63594528
75910624
65868284
61307926
82428727
62685936
63079932
71573091
77006603
62442528
65063734
68796760
83198846
89717765
68928030
61218872
77914979
72530797
71486569
66275745
79226090
66597171
81955078
60307645
94546500
66009591
83375123
62839855
97534614
97488533
61107360
86950483
60462593
60793182
61430837
88459355
78317623
69146005
78454768
65953214
81857293
76574605
94446991
68576663
67222036
61437704
62495109
92723334
73191492
61293902
60323110
93099359
61639140
73225474
82827262
68115702
94296529
65683495
77631835
95685967
68634451
81367830
87228914
89625247
63541449
98639911
72481141
61895147
67405645
94793590
97181953
60343776
61747249
82542342
61967337
63196692
66239293
66458736
91885706
89276873
97283404
88426930
78615489
61193315
63079901
66114496
63957056
86589821
77059942
79782872
83186500
65432384
65633798
74842414
61556820
89231246
89765054
68872560
72014892
68935766
69012559
62090331
65061299
78510217
61538772
79059895
67577445
62655846
96420140
79009152
71546674
69511202
95009031
79707473
93380703
82508796
62454550
86183297
63661202
78124037
61482194
79897865
60861359
61493721
96737288
95846737
97701227
76490053
68320833
79611145
60058405
65881972
84804400
66883229
90414337
98476921
65177993
85003169
90697274
65206840
92177874
64797992
95121538
74583355
69939845
63150723
63246865
69448828
85586615
97987378
66976401
60602230
60113153
69385898
60118402
91108875
60197645
68860891
63771839
66051457
77067191
63788397
65204786
67585913
69221278
93720761
66499834
76740745
89261636
74475013
60606007
85720849
63948402
68039981
88897606
65510525
69660877
95603239
89306626
66324103
67137345
65201039
61639363
62859651
91782642
68912896
60370066
96260686
72283886
65705024
67410878
75567505
76062446
76490604
91271438
69380541
63275428
64395330
82378849
61760202
81476739
69949780
63693402
84257668
60255639
84065149
92954444
64425728
67310820
64726535
74036853
79709325
75509170
65854973
64539145
84224705
98177488
79938583
75688944
65373539
63415734
98065713
64465202
93709381
62338856
89969825
98442357
91474637
66841687
77662040
64973388
90281437
89197853
63111854
76147921
60600469
60560293
60491499
66961725
77383699
67200574
91994613
71322885
64607494
61271718
89129861
91591733
75306160
60792782
87293450
84905877
92296170
84888202
77979327
78180311
63224054
81916480
71562459
93844484
82458231
62721907
72878668
92195801
63354797
60320790
88359745
69910268
88227669
61410869
90256351
67494196
94367985
95810174
61362587
95308429
81338861
79125635
64543222
76123993
66159114
75221769
67402830
68322755
63233092
61438829
67242548
74606340
93544859
97228654
67279323
75602389
91740339
62956281
64057384
77610104
82573959
61151232
62519518
93626697
65335933
91499282
69188593
72049109
74244275
85385703
94411323
90757711
82836423
96253543
63281700
60431838
76635097
69620976
62388233
60688040
69706521
98117091
78946932
90580990
82373488
69400367
96887185
76987705
89889945
85880582
63833062
96966794
69699160
66957272
94146418
94890603
62582770
68172532
73533930
92028221
75458335
69572533
64595520
87379787
94836034
65806183
63971561
83878157
67580541
95676665
77724410
98295196
72188823
69996266
81287503
89209804
66646242
82110287
72023601
97444995
67732500
91040226
61220351
98936475
85865303
98511886
89443228
78720778
76377941
68812309
95782346
65376937
83395999
82589707
64922793
85722140
73528706
74654984
92612531
83748866
91130603
83136349
94107914
81434276
66978481
61143358
66460869
66238433
65942142
66140435
69114537
61017279
87858522
76313529
61781100
94778583
72293164
84907858
60239801
87449007
85012706
62328289
90777985
67491839
82948842
65028733
75613588
67375827
60487778
94996577
78499604
67836374
72233942
64799238
62604558
85591897
67666526
66729939
93342072
71153175
65578576
60252199
66044129
64928961
97318052
65796370
85382778
61267937
98174249
84007902
66273838
62536720
63666778
98834403
64499566
64307685
83749550
64711028
63000985
76702918
66561818
92165774
74247687
64650572
60474165
68642002
91000201
63344719
64364541
61388670
69389950
67893764
64833573
86961820
66574720
83178396
66892393
67706828
68540454
61943042
77020494
66805687
89423298
88650742
63861522
61221975
93182775
60975477
73614261
67802288
79815997
60966286
64715832
78818552
64273361
91302171
71930230
76625987
90099429
62967604
61885829
72107293
90961077
60641390
63135587
72572640
67770632
74399165
93301973
61638413
69873207
94209061
66758688
73600779
62276892
95313827
77078625
88125952
62686145
68063122
64190932
66442464
64381554
95240975
68311535
61199796
67612115
97781477
89378698
90175433
82373898
61872906
75318895
60666661
62931319
67031491
61485798
65500865
78638882
81278428
73457100
88824782
97460344
65830758
63859906
82946397
61580976
72684417
63553573
67110816
67210989
74690192
83211768
68935476
85176728
60800440
85535049
66937331
60539292
64664326
62064539
63154809
97567683
93959372
81066520
83727153
64771417
65307826
62788665
68093966
61509286
61678513
75240304
65982657
65302600
93682113
72918594
66530382
67443966
98968121
85794057
78231146
75687651
61264236
61297196
69997597
84122591
74919130
83547492
88889336
69845743
83234304
61705627
74925821
98309497
62022360
60930863
68743110
61150501
65264361
74358098
91126349
94133315
64158251
69463280
83389901
77951418
60365530
68702277
93160254
81811405
92828840
76826285
62096411
97096931
64421784
73658701
73730504
64615893
98139461
63680513
96563142
67866257
68098085
73646270
66771394
67862529
83178338
67170410
76681084
84867293
82392759
96191511
82206291
86330746
77854427
61136424
98673163
96217604
83579419
90629726
69838115
69324996
60983914
82334798
97701757
62058249
65637206
88591810
63836090
68051148
69392346
77605103
92835013
74222942
63607165
63473850
65805696
64843519
92176151
63108188
60153126
60755419
62361435
65527386
64694243
65673507
67024214
92908574
74763927
61452666
60056501
75318376
96341678
62038000
78535361
81122027
60079553
71241060
60040489
97126891
92216633
67666854
65040379
75042610
61421661
74989297
64430899
77622671
86528687
60643140
67727255
91685803
90939756
82606076
66562083
73304404
72665692
69458614
63278109
66292269
67588908
93819101
66380084
66498280
60741939
83695749
81871592
81686098
69457052
91415476
76574184
83252925
64991588
65124656
84890699
60732808
74448116
73085217
66842884
62418749
67598199
81189111
71268131
60380957
74371190
64713437
89801357
97555625
97669320
64592399
66959131
69996912
67872771
98405912
65637750
61033289
68019578
75173423
60255060
93970877
96084239
61556620
67899276
90790059
64752606
68915256
82525243
69567604
97170264
76061054
89418081
78643150
92069088
98620515
69095096
62904310
62426325
65633914
95531376
63730910
63923012
85625776
67714307
75363739
93229519
64528588
88269859
67270592
69086740
65569808
67559069
91894447
68571897
60811235
65717500
61117303
62328833
61892541
90121456
89969980
98519118
96419659
65668762
85982510
92970695
60984771
60853322
61052701
68433876
62133399
75511767
91824674
71047205
65895777
66244013
65133276
85404411
92426544
60951090
63648048
71388920
75167747
79272547
74020046
82301771
62259600
91905236
96251287
72491168
82967598
64647772
74074708
95823594
95933813
91476541
75639422
73630193
88778826
85293736
77481076
69666984
92925609
98532122
63421616
63091732
60160874
68823012
71646553
60456899
76222555
90292245
66058849
96834627
65376823
88415068
64222073
66660083
76162890
65984384
85704292
68573391
84446310
62053460
97391174
74953756
69276786
62195769
66694105
73764191
61885217
61130241
86469662
65441880
66154246
86951674
72511514
98139417
68533084
86850208
86384430
89738356
64421365
61727329
66146723
60413116
62292740
77782330
97955337
64662537
78907876
78449781
91321706
91761789
66158730
98328057
98904382
64792927
61774668
91250284
61938197
69095155
97298158
68220127
67901572
84829947
93773844
66894162
85585969
87437675
60092802
79934511
66939653
78436405
60945367
66979326
84066771
77248202
79717798
62339581
62680914
98115924
85017538
84242124
61207703
69566545
65965179
73630398
73794835
82795539
68403185
69118958
81213195
95539614
94334109
60314106
81037406
76230450
64237844
61981710
61537402
82423039
60073081
68413091
77853195
65416573
81214692
72315036
62566616
69297420
60829049
66292357
65895015
69035663
83860748
69724118
92053630
78410160
62167515
69703681
60371193
94848998
95518780
63327159
93420402
62575301
81662468
91985023
62053798
61133892
93112521
65716387
68360571
69796650
68771056
69197995
60890070
61679933
61708469
82009231
74460361
66166743
67330893
65450634
61816208
61243477
86230247
71828950
84574732
60426800
63423889
98896444
83118359
98604732
63781550
88309201
63872422
64188834
68044636
64615817
95145309
81539229
87798209
84527498
61917392
94151538
64127484
67582889
69150827
89996952
64356574
86490909
69068286
69265907
61902067
98672672
78990298
67379989
66231972
67950080
63325105
68390207
62288703
78654529
96865106
67515759
92387857
64403039
91114347
60438478
71087330
61606917
67318761
63111186
67060829
63045631
87989987
67589871
91112397
90721170
65263565
69497627
98295285
68954450
68391459
72655335
87750894
83991353
97904610
85849662
96023011
98063382
66106035
69062405
84261647
86700469
83754188
64114150
60704069
97678694
81880054
66092697
69053054
78806649
74885139
69383408
67114569
74500837
78153438
68368665
61334189
98771123
92690075
93225509
79121757
67612458
68057313
61509163
63352222
82746114
76912663
96546992
82921349
90522206
62922736
79052033
85167033
98928398
63152159
78062164
86818885
87068432
65394758
66727983
63548199
64196490
88603466
66571277
63006663
82143718
90653624
69141498
65256468
71072834
81656905
84088895
86795333
93060175
75603450
75385278
67955892
60631864
89023739
98835340
95063868
88584372
71730721
60921033
72163746
83344091
78377045
66990174
64353215
60277262
60474384
94798626
90049408
81546656
69073773
62169869
88271833
60483124
62302404
64296061
68567571
65479792
62207444
65670023
93931705
68315019
95600634
66282620
82778008
93310941
63068529
62096453
66101491
89292247
96384982
91685810
95886177
95021418
92404384
94928543
68990118
73389656
64842401
66437257
68940357
92230690
81243962
69699564
92049871
74996887
93614920
66667539
92213915
64644580
64489163
91260425
72544747
96509202
62992990
69336549
74298128
74309517
71549842
69834090
93049011
87519667
92552666
95877875
88805054
66523089
66703822
88556814
73348251
68489817
66693434
69746302
87901157
66219869
83733745
66365541
81854703
79075873
64585917
62876120
63583596
87540695
69287809
79355647
98398662
75781345
82689084
60800223
71781997
62764804
68713316
62708857
65208539
69195851
68776740
62141303
62627205
98350889
90685163
87630414
84483120
66944221
69671161
74829717
85490583
68274656
68413717
67146368
76291364
63502272
81345457
67308316
68129019
68224696
67936171
90240753
63641917
78137101
96749558
66339862
94048322
77009182
88378021
79471420
65431142
63407235
75970809
61164257
61842892
64473169
73500189
96551116
69472533
62360442
95418296
64491985
69618253
61717011
95222701
65110289
64250106
68867473
66022090
86807133
67446986
62616677
76721099
62489544
77038695
83217820
68724292
69868001
61298753
69314608
76428064
98812191
64665076
60475612
81177741
97898348
63741331
73629109
62365803
86657787
63310882
76936585
64842806
98054983
65276824
61166810
92821521
83868413
97621035
96648322
81404804
92635645
89534424
75534716
93079404
65382256
64384192
95187301
81944501
88980315
96296590
61098908
66550857
79100563
62220108
64255305
97194145
89991848
71552187
85909009
72298737
97633221
72766385
94752214
63326520
84885425
88905043
88508304
81409025
60976909
65141642
62922063
64512674
65846680
85535963
91943622
76998833
62071193
60707822
60108862
69395073
75378995
61364410
66386914
74435163
69646009
62591051
69523368
61556522
76671341
63554501
76814921
84667925
82905172
63427471
61871636
82943417
72820737
89834094
64394695
62545611
62650430
76059732
82091678
83180618
94914694
68392681
87888215
65856905
62860370
64885870
67665623
88989083
97942753
60555703
93944542
75107006
90438927
77235023
96241461
69710932
96253943
95289981
68850653
96533862
67108425
78883536
61424708
68346976
93623985
89260198
97648258
64025343
64331410
64940439
81247652
76031295
85576015
98362757
73114200
67775010
66235680
64966279
71286229
60654105
63172018
68551673
63465545
78791819
95946977
72900501
85477443
60958538
73078615
74825959
66046501
71803304
81441070
84297673
64561273
79056784
62128539
73476038
68804309
78919931
65275559
69047038
94264824
73134033
71194417
95983033
98634757
89969021
63408504
85272223
75949421
61058018
61021962
81315746
66066078
62638197
67557217
67658010
71379276
73735424
73737792
62419946
77487287
95052465
74253330
69869527
88536953
85020861
92984069
86246751
62634608
61979321
60412234
87421602
67254409
61636104
65017648
83107750
61899519
72773996
83468708
66708616
63597713
61059035
82538633
82701135
63304361
62191121
71534329
63501499
75890212
90907758
74991925
68416457
93538234
93607377
60324420
63334795
60677680
67331570
81689359
93871744
65863561
60055032
83254901
98532791
65457870
69764741
92887403
79190971
76492641
68458579
61977158
65685805
81771199
65325295
75117553
78816318
69393046
75241842
72110613
63611240
69524594
71475883
72127212
61826032
60203712
74299599
69076442
97019138
86174679
78593959
77928811
67429452
65477587
74812330
89648280
69182055
60109801
71120155
90237832
98077210
89898040
76404196
63838743
81625595
66214234
64726836
64450949
67551682
65002893
60116489
63070308
90124259
64492260
68093656
65428000
98218429
64563321
86730300
81682836
66537687
97650846
68713384
85744336
66506836
81612441
88699079
86636438
67301270
77133215
67628666
86803499
61772262
89298912
62870080
91388953
82596582
92347627
90260853
79395058
66256448
83356969
98590061
82963470
83707121
90395494
92484276
85208571
66274372
86774681
85517703
98407008
89255371
66128167
92480724
62258713
85794266
64449838
94841405
91002931
92071624
95221782
60009190
61246515
77296302
64515013
81320219
95386884
74534435
94784128
94455036
89648294
92490612
63363247
77955590
87084441
62111377
60502738
69055131
95592020
98263542
90637072
62693089
60546323
82864547
93218327
81708597
84646397
64502237
83485309
81488463
85693250
98674365
88570533
62900237
78404852
87810787
60423595
92549443
85180280
93847297
64564275
86777125
95691277
65256883
72044274
68264623
68521548
69658527
65087729
61442513
94418822
81977262
95395257
63256449
93851965
77261677
66191187
93275353
76620825
66968814
76718094
61171867
66882958
65486377
62585736
62677711
78762510
83577874
66405090
87182328
97050097
72476579
67986285
77573299
66727327
89905080
85265807
67816883
73207916
60571468
90720873
64811748
63588233
61401606
83308723
68399973
62170811
64784406
62814765
91628781
96204492
68326132
74869953
95760191
60794022
85688774
67424467
96308873
82473047
69397595
88945540
74373870
75335940
74444297
66890681
95104234
82236927
79233141
75145711
64149377
66459704
83374864
92864149
63162181
93502906
71273919
65331033
61297929
69258133
85856161
75790915
83795337
93714878
69278614
65854278
65395560
90042543
67770927
67837067
78057617
88215646
62163752
75495202
63813746
97536626
85286903
95619649
72915881
61151599
87279559
95171163
85755522
95102377
79534674
79964022
63658294
64192361
89281117
69154139
78536128
69056250
88549686
61185831
61959988
98790165
81846942
63590575
94785957
65708589
60136714
62780587
60507993
77791873
90194155
91641286
78341451
64438153
69158517
69925605
63259176
63913344
62695161
96051433
83932630
62793721
65199470
89314306
66356382
67151853
68850276
75530823
72904196
69366298
63895799
64629336
82534164
69837699
75988425
63407901
74999166
61271930
79848374
72503121
64753304
92278306
64157623
82145639
92823981
90907791
83768823
69260568
98299867
68029874
76218031
87312377
81591254
68723978
64684202
64877443
88872448
61252858
89121848
62906493
61958623
64600327
90608969
75427925
84688045
76101798
75643641
83658731
65527827
81758094
61719965
98273919
60904444
93014726
69236739
62264238
67493604
67050555
94253724
74645058
71604815
92878906
88612693
62817103
72011135
78735311
63830950
91436228
75144067
95630294
63709030
67969477
84073652
68664771
67915813
90053519
65179912
62593658
66669998
73083080
77084392
60599405
68901223
72840461
83374137
67072237
63957622
69130464
69252547
64790603
98614610
94660795
60923048
83870350
83585632
72029342
73981443
68425661
66205078
64737235
88673924